Monitored syscalls are: 
3 5 6 15 16 33 
Getting system call trace for ./tmp/malware.exe
driver contains 128 syscall entries
Malware graph:
V[93]={ (0 sc=33), (1 sc=33), (2 sc=5), (3 sc=6), (4 sc=33), (5 sc=5), (6 sc=3), (7 sc=6), (8 sc=5), (9 sc=5), (10 sc=5), (11 sc=6), (12 sc=5), (13 sc=5), (14 sc=3), (15 sc=6), (16 sc=15), (17 sc=6), (18 sc=5), (19 sc=5), (20 sc=6), (21 sc=5), (22 sc=5), (23 sc=6), (24 sc=5), (25 sc=5), (26 sc=6), (27 sc=5), (28 sc=5), (29 sc=3), (30 sc=6), (31 sc=15), (32 sc=6), (33 sc=5), (34 sc=5), (35 sc=6), (36 sc=5), (37 sc=5), (38 sc=3), (39 sc=6), (40 sc=15), (41 sc=6), (42 sc=5), (43 sc=5), (44 sc=6), (45 sc=5), (46 sc=5), (47 sc=3), (48 sc=6), (49 sc=15), (50 sc=6), (51 sc=5), (52 sc=5), (53 sc=6), (54 sc=5), (55 sc=5), (56 sc=3), (57 sc=6), (58 sc=15), (59 sc=6), (60 sc=5), (61 sc=5), (62 sc=6), (63 sc=5), (64 sc=5), (65 sc=3), (66 sc=6), (67 sc=15), (68 sc=6), (69 sc=5), (70 sc=5), (71 sc=3), (72 sc=6), (73 sc=5), (74 sc=5), (75 sc=6), (76 sc=5), (77 sc=5), (78 sc=5), (79 sc=6), (80 sc=5), (81 sc=5), (82 sc=6), (83 sc=5), (84 sc=5), (85 sc=6), (86 sc=5), (87 sc=5), (88 sc=3), (89 sc=6), (90 sc=15), (91 sc=6), (92 sc=6), };
E[39]={ (2, 3), (5, 6), (5, 7), (8, 92), (10, 11), (12, 14), (12, 17), (13, 15), (19, 20), (21, 23), (25, 26), (27, 29), (27, 32), (28, 30), (34, 35), (36, 38), (36, 41), (37, 39), (43, 44), (45, 47), (45, 50), (46, 48), (52, 53), (54, 56), (54, 59), (55, 57), (61, 62), (63, 65), (63, 68), (64, 66), (70, 71), (70, 72), (74, 75), (78, 79), (80, 82), (84, 85), (86, 88), (86, 91), (87, 89), };

Analyzing malware vs /bin/ls
Getting system call trace for /bin/ls
?	   all_syscalls.xml  include  network	   run_test.sh	syscalls.xml  test.xml
README.md  android.xml	     minimal  pugixml-1.2  scid		test	      tmp
driver contains 40 syscall entries
Benign graph:
V[39]={ (0 sc=33), (1 sc=33), (2 sc=5), (3 sc=6), (4 sc=33), (5 sc=5), (6 sc=3), (7 sc=6), (8 sc=33), (9 sc=5), (10 sc=3), (11 sc=6), (12 sc=33), (13 sc=5), (14 sc=3), (15 sc=6), (16 sc=33), (17 sc=5), (18 sc=3), (19 sc=6), (20 sc=33), (21 sc=5), (22 sc=3), (23 sc=6), (24 sc=33), (25 sc=5), (26 sc=3), (27 sc=6), (28 sc=33), (29 sc=5), (30 sc=3), (31 sc=6), (32 sc=5), (33 sc=3), (34 sc=6), (35 sc=5), (36 sc=6), (37 sc=6), (38 sc=6), };
E[18]={ (2, 3), (5, 6), (5, 7), (9, 10), (9, 11), (13, 14), (13, 15), (17, 18), (17, 19), (21, 22), (21, 23), (25, 26), (25, 27), (29, 30), (29, 31), (32, 33), (32, 34), (35, 36), };

-1 -1 -1 -1 -1 -1 -1 -1 -1 -1 -1 -1 -1 -1 -1 -1 -1 -1 -1 -1 -1 -1 -1 -1 -1 -1 -1 -1 -1 -1 -1 -1 -1 -1 -1 2 3 -1 -1 
-1 -1 -1 -1 -1 -1 -1 -1 -1 -1 -1 -1 -1 -1 -1 -1 -1 -1 -1 -1 -1 -1 -1 -1 -1 -1 -1 -1 -1 -1 -1 -1 2 -1 3 5 7 -1 -1 
-1 -1 -1 -1 -1 -1 -1 -1 -1 -1 -1 -1 -1 -1 -1 -1 -1 -1 -1 -1 -1 -1 -1 -1 -1 -1 -1 -1 -1 -1 -1 -1 5 6 7 2 3 -1 -1 
-1 -1 -1 -1 -1 -1 -1 -1 -1 -1 -1 -1 -1 -1 -1 -1 -1 -1 -1 -1 -1 -1 -1 -1 -1 -1 -1 -1 -1 2 -1 3 5 6 7 8 92 -1 -1 
-1 -1 -1 -1 -1 -1 -1 -1 -1 -1 -1 -1 -1 -1 -1 -1 -1 -1 -1 -1 -1 -1 -1 -1 -1 -1 -1 -1 -1 5 6 7 12 14 17 2 3 -1 -1 
-1 -1 -1 -1 -1 -1 -1 -1 -1 -1 -1 -1 -1 -1 -1 -1 -1 -1 -1 -1 -1 -1 -1 -1 -1 2 -1 3 -1 5 6 7 12 14 17 8 92 -1 -1 
-1 -1 -1 -1 -1 -1 -1 -1 -1 -1 -1 -1 -1 -1 -1 -1 -1 -1 -1 -1 -1 -1 -1 -1 -1 5 6 7 -1 12 14 17 27 29 32 2 3 -1 -1 
-1 -1 -1 -1 -1 -1 -1 -1 -1 -1 -1 -1 -1 -1 -1 -1 -1 -1 -1 -1 -1 2 -1 3 -1 5 6 7 -1 12 14 17 27 29 32 8 92 -1 -1 
-1 -1 -1 -1 -1 -1 -1 -1 -1 -1 -1 -1 -1 -1 -1 -1 -1 -1 -1 -1 -1 5 6 7 -1 12 14 17 -1 27 29 32 36 38 41 2 3 -1 -1 
-1 -1 -1 -1 -1 -1 -1 -1 -1 -1 -1 -1 -1 -1 -1 -1 -1 2 -1 3 -1 5 6 7 -1 12 14 17 -1 27 29 32 36 38 41 8 92 -1 -1 
-1 -1 -1 -1 -1 -1 -1 -1 -1 -1 -1 -1 -1 -1 -1 -1 -1 5 6 7 -1 12 14 17 -1 27 29 32 -1 36 38 41 45 47 50 2 3 -1 -1 
-1 -1 -1 -1 -1 -1 -1 -1 -1 -1 -1 -1 -1 2 -1 3 -1 5 6 7 -1 12 14 17 -1 27 29 32 -1 36 38 41 45 47 50 8 92 -1 -1 
-1 -1 -1 -1 -1 -1 -1 -1 -1 -1 -1 -1 -1 5 6 7 -1 12 14 17 -1 27 29 32 -1 36 38 41 -1 45 47 50 54 56 59 2 3 -1 -1 
-1 -1 -1 -1 -1 -1 -1 -1 -1 2 -1 3 -1 5 6 7 -1 12 14 17 -1 27 29 32 -1 36 38 41 -1 45 47 50 54 56 59 8 92 -1 -1 
-1 -1 -1 -1 -1 -1 -1 -1 -1 5 6 7 -1 12 14 17 -1 27 29 32 -1 36 38 41 -1 45 47 50 -1 54 56 59 63 65 68 2 3 -1 -1 
-1 -1 -1 -1 -1 2 -1 3 -1 5 6 7 -1 12 14 17 -1 27 29 32 -1 36 38 41 -1 45 47 50 -1 54 56 59 63 65 68 8 92 -1 -1 
-1 -1 -1 -1 -1 5 6 7 -1 12 14 17 -1 27 29 32 -1 36 38 41 -1 45 47 50 -1 54 56 59 -1 63 65 68 70 71 72 2 3 -1 -1 
-1 -1 2 3 -1 5 6 7 -1 12 14 17 -1 27 29 32 -1 36 38 41 -1 45 47 50 -1 54 56 59 -1 63 65 68 70 71 72 8 92 -1 -1 
Analyzing malware vs /bin/lsmod
Getting system call trace for /bin/lsmod
Module                  Size  Used by
scid                    3518  1 
netconsole              6106  0 
configfs               24731  2 netconsole
coretemp                5842  0 
vmw_balloon             5888  0 
ppdev                   7036  0 
e1000                 126105  0 
microcode              12476  0 
psmouse                86470  0 
serio_raw               4616  0 
parport_pc             24301  0 
parport                32299  2 ppdev,parport_pc
i2c_piix4              10107  0 
shpchp                 25050  0 
driver contains 12 syscall entries
Benign graph:
V[11]={ (0 sc=33), (1 sc=33), (2 sc=5), (3 sc=6), (4 sc=33), (5 sc=5), (6 sc=3), (7 sc=6), (8 sc=5), (9 sc=3), (10 sc=6), };
E[5]={ (2, 3), (5, 6), (5, 7), (8, 9), (8, 10), };

-1 -1 -1 -1 -1 -1 -1 -1 2 -1 3 
-1 -1 -1 -1 -1 -1 -1 -1 5 6 7 
-1 -1 -1 -1 -1 2 -1 3 5 6 7 
-1 -1 -1 -1 -1 5 6 7 12 14 17 
-1 -1 2 3 -1 5 6 7 12 14 17 
0 1 
0 1 
0 1 
0 1 
0 1 
0 1 
0 1 
0 1 
0 1 
0 1 
0 1 
0 1 
0 1 
0 1 
0 1 
0 1 
0 1 
0 1 
0 2 
0 1 
0 1 
0 1 
0 1 
0 1 
0 1 
0 1 
0 1 
0 1 
0 1 
0 1 
0 1 
0 1 
0 1 
0 1 
0 1 
0 1 
0 1 
0 1 
0 2 
0 1 
0 1 
0 1 
0 1 
0 1 
0 1 
0 1 
0 1 
0 1 
0 1 
0 1 
0 1 
0 1 
0 1 
0 1 
0 1 
0 1 
0 1 
0 1 
0 2 
0 1 
0 1 
0 1 
0 1 
0 1 
0 1 
0 1 
0 1 
0 1 
0 1 
0 1 
0 1 
0 1 
0 1 
0 1 
0 1 
0 1 
0 1 
0 1 
0 2 
0 1 
0 1 
0 1 
0 1 
0 1 
0 1 
0 1 
0 1 
0 1 
0 1 
0 1 
0 1 
0 1 
0 1 
0 1 
0 1 
0 1 
0 1 
0 1 
0 2 
0 1 
0 1 
0 1 
0 1 
0 1 
0 1 
0 1 
0 1 
0 1 
0 1 
0 1 
0 1 
0 1 
0 1 
0 1 
0 1 
0 1 
0 1 
0 1 
0 2 
0 1 
0 1 
0 1 
0 1 
0 1 
0 1 
0 1 
0 2 
0 1 
0 1 
0 2 
0 1 
0 1 
0 2 
0 1 
0 1 
0 2 
0 1 
0 1 
0 -1 2 
0 1 2 
0 1 
0 1 
0 1 
0 1 
0 1 
0 1 
0 1 
0 1 
0 1 
0 1 
0 1 
0 1 
0 1 
0 1 
0 1 
0 1 
0 1 
0 1 
0 1 
0 2 
0 1 
0 1 
0 1 
0 1 
0 1 
0 1 
0 1 
0 1 
0 1 
0 1 
0 1 
0 1 
0 1 
0 1 
0 1 
0 1 
0 1 
0 1 
0 1 
0 2 
0 1 
0 1 
0 1 
0 1 
0 1 
0 1 
0 1 
0 2 
0 1 
0 1 
0 2 
0 1 
0 1 
0 2 
0 1 
0 1 
0 2 
0 1 
0 1 
0 -1 2 
0 1 2 
0 1 
0 1 
0 1 
0 1 
0 1 
0 1 
0 1 
0 1 
0 1 
0 1 
0 1 
0 1 
0 1 
0 1 
0 1 
0 1 
0 1 
0 1 
0 1 
0 2 
0 1 
0 1 
0 1 
0 1 
0 1 
0 1 
0 1 
0 1 
0 1 
0 1 
0 1 
0 1 
0 1 
0 1 
0 1 
0 1 
0 1 
0 1 
0 1 
0 2 
0 1 
0 1 
0 1 
0 1 
0 1 
0 1 
0 1 
0 2 
0 1 
0 1 
0 2 
0 1 
0 1 
0 2 
0 1 
0 1 
0 2 
0 1 
0 1 
0 -1 2 
0 1 2 
0 1 
0 1 
0 1 
0 1 
0 1 
0 1 
0 1 
0 1 
0 1 
0 1 
0 1 
0 1 
0 1 
0 1 
0 1 
0 1 
0 1 
0 1 
0 1 
0 2 
0 1 
0 1 
0 1 
0 1 
0 1 
0 1 
0 1 
0 1 
0 1 
0 1 
0 1 
0 1 
0 1 
0 1 
0 1 
0 1 
0 1 
0 1 
0 1 
0 2 
0 1 
0 1 
0 1 
0 1 
0 1 
0 1 
0 1 
0 2 
0 1 
0 1 
0 2 
0 1 
0 1 
0 2 
0 1 
0 1 
0 2 
0 1 
0 1 
0 -1 2 
0 1 2 
0 1 
0 1 
0 1 
0 1 
0 1 
0 1 
0 1 
0 1 
0 1 
0 1 
0 1 
0 1 
0 1 
0 1 
0 1 
0 1 
0 1 
0 1 
0 1 
0 2 
0 1 
0 1 
0 1 
0 1 
0 1 
0 1 
0 1 
0 1 
0 1 
0 1 
0 1 
0 1 
0 1 
0 1 
0 1 
0 1 
0 1 
0 1 
0 1 
0 2 
0 1 
0 1 
0 1 
0 1 
0 1 
0 1 
0 1 
0 2 
0 1 
0 1 
0 2 
0 1 
0 1 
0 2 
0 1 
0 1 
0 2 
0 1 
0 1 
0 -1 2 
0 1 2 
0 1 
0 1 
0 1 
0 1 
0 1 
0 1 
0 1 
0 1 
0 1 
0 1 
0 1 
0 1 
0 1 
0 1 
0 1 
0 1 
0 1 
0 1 
0 1 
0 2 
0 1 
0 1 
0 1 
0 1 
0 1 
0 1 
0 1 
0 2 
0 1 
0 1 
0 2 
0 1 
0 1 
0 2 
0 1 
0 1 
0 2 
0 1 
0 1 
0 -1 2 
0 1 2 
0 1 
0 1 
0 1 
0 1 
0 1 
0 1 
0 1 
0 1 
0 1 
0 1 
0 1 
0 1 
0 1 
0 1 
0 1 
0 1 
0 1 
0 1 
0 1 
0 2 
0 1 
0 1 
0 1 
0 1 
0 1 
0 1 
0 1 
0 1 
0 1 
0 1 
0 1 
0 1 
0 1 
0 1 
0 1 
0 1 
0 1 
0 1 
0 1 
0 2 
0 1 
0 1 
0 1 
0 1 
0 1 
0 1 
0 1 
0 1 
0 1 
0 1 
0 1 
0 1 
0 1 
0 1 
0 1 
0 1 
0 1 
0 1 
0 1 
0 2 
0 1 
0 1 
0 1 
0 1 
0 1 
0 1 
0 1 
0 1 
0 1 
0 1 
0 1 
0 1 
0 1 
0 1 
0 1 
0 1 
0 1 
0 1 
0 1 
0 2 
0 1 
0 1 
0 1 
0 1 
0 1 
0 1 
0 1 
0 2 
0 1 
0 1 
0 2 
0 1 
0 1 
0 2 
0 1 
0 1 
0 2 
0 1 
0 1 
0 -1 2 
0 1 2 
0 1 
0 1 
0 1 
0 1 
0 1 
0 1 
0 1 
0 1 
0 1 
0 1 
0 1 
0 1 
0 1 
0 1 
0 1 
0 1 
0 1 
0 1 
0 1 
0 2 
0 1 
Analyzing malware vs /bin/ping 8.8.8.8 -c 1
Getting system call trace for /bin/ping 8.8.8.8 -c 1
PING 8.8.8.8 (8.8.8.8) 56(84) bytes of data.
64 bytes from 8.8.8.8: icmp_req=1 ttl=39 time=803 ms

--- 8.8.8.8 ping statistics ---
1 packets transmitted, 1 received, 0% packet loss, time 0ms
rtt min/avg/max/mdev = 803.682/803.682/803.682/0.000 ms
driver contains 9 syscall entries
Benign graph:
V[9]={ (0 sc=33), (1 sc=33), (2 sc=5), (3 sc=6), (4 sc=33), (5 sc=5), (6 sc=3), (7 sc=6), (8 sc=6), };
E[3]={ (2, 3), (5, 6), (5, 7), };

-1 -1 -1 -1 -1 2 -1 3 -1 
-1 -1 -1 -1 -1 5 6 7 -1 
-1 -1 2 3 -1 5 6 7 -1 
0 2 
0 2 
0 -1 2 
0 1 2 
0 2 
0 2 
0 2 
0 2 
0 -1 2 
0 1 2 
0 2 
0 2 
0 -1 2 
0 1 2 
0 2 
0 2 
0 -1 2 
0 1 2 
0 2 
0 2 
0 -1 2 
0 1 2 
0 2 
0 2 
0 -1 2 
0 1 2 
0 2 
0 -1 2 
0 1 2 
0 2 
0 2 
0 2 
0 2 
0 -1 2 
0 1 2 
0 2 
Analyzing malware vs /bin/cat /root/malware-sharpshooter/minimal/util.h
Getting system call trace for /bin/cat /root/malware-sharpshooter/minimal/util.h
/bin/cat: /root/malware-sharpshooter/minimal/util.h: Not a directory
driver contains 11 syscall entries
Benign graph:
V[11]={ (0 sc=33), (1 sc=33), (2 sc=5), (3 sc=6), (4 sc=33), (5 sc=5), (6 sc=3), (7 sc=6), (8 sc=5), (9 sc=6), (10 sc=6), };
E[3]={ (2, 3), (5, 6), (5, 7), };

-1 -1 -1 -1 -1 2 -1 3 -1 -1 -1 
-1 -1 -1 -1 -1 5 6 7 -1 -1 -1 
-1 -1 2 3 -1 5 6 7 -1 -1 -1 
0 2 
0 2 
0 -1 2 
0 1 2 
0 2 
0 2 
0 2 
0 2 
0 -1 2 
0 1 2 
0 2 
0 2 
0 -1 2 
0 1 2 
0 2 
0 2 
0 -1 2 
0 1 2 
0 2 
0 2 
0 -1 2 
0 1 2 
0 2 
0 2 
0 -1 2 
0 1 2 
0 2 
0 -1 2 
0 1 2 
0 2 
0 2 
0 2 
0 2 
0 -1 2 
0 1 2 
0 2 
Analyzing malware vs cat util.h
Getting system call trace for cat util.h
error running execve: No such file or directory
driver contains 1 syscall entries
Benign graph:
V[1]={ (0 sc=6), };
E[0]={ };

0 2 
0 -1 2 
0 1 2 
0 2 
0 2 
0 -1 2 
0 1 2 
0 2 
0 2 
0 2 
0 2 
0 -1 2 
0 1 2 
0 2 
0 2 
0 -1 2 
0 1 2 
0 2 
0 2 
0 -1 2 
0 1 2 
0 2 
0 2 
0 -1 2 
0 1 2 
0 2 
0 2 
0 -1 2 
0 1 2 
0 2 
0 -1 2 
0 1 2 
0 2 
0 2 
0 2 
0 2 
0 -1 2 
0 1 2 
0 2 

Malspecs found:
Malspec 0
V[3]={ (0 sc=5), (1 sc=3), (2 sc=6), };
E[2]={ (0, 1), (0, 2), };


real	0m1.271s
user	0m0.066s
sys	0m0.227s

